1000
835 448
827 816
869 589
453 976
886 403
838 811
858 391
711 592
166 95
588 469
730 311
771 877
41 778
665 161
237 580
29 88
904 424
365 856
184 773
177 819
982 422
813 15
960 192
639 524
346 126
789 228
105 76
206 912
73 146
727 224
312 663
87 108
316 216
342 805
976 852
274 519
886 958
150 88
964 198
324 141
369 310
738 465
378 474
973 297
521 451
114 700
160 833
401 554
359 828
680 743
614 335
645 954
394 501
699 147
288 711
373 376
193 658
484 112
761 571
375 457
509 282
467 841
747 669
497 868
612 458
145 529
836 578
79 790
289 230
293 131
859 930
588 667
131 52
976 424
882 892
526 351
544 743
413 993
213 292
750 262
144 825
756 896
38 980
562 835
318 328
258 856
875 529
934 198
974 6
250 910
613 856
600 128
121 157
801 365
979 334
512 904
800 123
103 268
455 190
870 666
874 126
655 480
678 749
107 589
499 5
861 709
837 464
974 813
530 310
644 775
679 862
985 508
776 831
22 441
107 584
710 892
373 333
434 365
307 403
408 541
602 158
623 622
787 791
101 597
724 670
532 97
606 756
587 517
958 734
318 961
206 417
750 380
746 931
686 536
429 53
563 447
69 31
822 186
135 208
878 923
21 860
968 410
280 979
713 907
869 238
8 384
764 427
358 110
647 862
267 396
843 76
460 831
17 264
473 282
558 505
365 351
114 931
910 685
592 394
984 975
359 461
240 992
103 476
338 950
347 102
178 606
437 190
455 638
273 806
311 928
631 183
114 28
713 745
491 376
703 306
119 476
820 415
891 360
310 275
377 229
835 657
200 908
898 624
431 655
935 523
706 742
771 566
664 172
900 484
142 507
335 604
19 262
974 156
431 262
843 284
294 161
421 679
655 494
501 319
843 86
181 436
2 901
74 952
788 18
526 974
930 931
193 861
369 949
563 167
803 153
666 407
438 449
943 87
758 93
532 444
232 953
855 713
17 587
605 929
255 805
736 483
697 186
487 281
800 66
219 51
458 956
405 237
324 248
341 701
145 83
36 225
938 730
317 891
172 955
113 922
758 428
966 201
483 455
873 453
504 635
591 445
682 314
562 997
698 7
442 256
481 195
925 830
74 772
79 242
517 246
26 192
394 275
82 992
446 229
864 955
400 302
969 456
453 83
442 883
491 503
698 884
66 325
97 624
218 140
739 528
721 735
362 765
110 467
48 444
400 908
210 912
720 800
235 531
415 525
28 677
913 258
583 79
703 980
472 680
209 273
9 211
977 282
101 371
168 439
347 149
413 568
720 909
441 134
659 956
985 208
466 688
767 251
583 402
82 822
447 55
619 643
277 456
180 596
387 378
879 348
268 734
995 293
427 988
296 788
996 86
126 634
885 815
217 245
419 820
227 651
647 867
675 846
794 924
655 207
907 181
267 534
179 175
516 263
51 606
45 812
446 400
567 523
121 683
855 136
787 892
759 83
929 786
63 787
346 76
257 718
604 254
781 525
788 784
742 297
462 191
591 787
663 260
296 158
294 784
676 151
586 434
220 788
927 868
944 283
353 273
879 553
78 310
446 13
310 218
410 188
328 124
737 1
512 991
127 33
536 806
240 155
943 475
343 813
96 222
848 639
192 802
112 727
740 623
193 558
746 403
879 955
309 426
769 616
1 821
627 248
404 538
13 220
33 699
922 708
347 481
283 770
849 891
866 395
305 942
697 60
367 404
830 576
545 676
497 952
200 546
436 477
49 604
656 449
509 434
915 930
52 208
452 199
946 901
195 318
730 252
656 892
821 98
774 838
790 366
912 624
453 991
947 701
502 502
936 955
885 12
572 851
402 937
191 24
343 701
953 386
631 425
523 961
151 452
818 650
626 942
285 82
135 79
933 584
540 638
650 869
72 425
715 222
599 827
528 906
644 942
719 833
146 275
727 595
245 297
239 897
332 871
302 876
461 467
105 235
456 353
130 107
682 528
355 845
751 281
575 235
420 396
23 646
241 566
864 751
0 486
709 103
332 684
152 363
598 793
498 609
69 54
935 628
474 103
736 642
878 577
325 311
957 298
865 349
452 551
37 81
184 804
489 99
814 868
13 993
602 413
819 511
140 23
126 754
749 966
895 862
525 627
277 221
922 835
386 494
575 726
530 775
226 112
332 19
12 41
806 346
857 967
342 625
732 349
315 821
35 481
460 211
784 913
100 89
936 706
432 838
965 511
975 314
334 192
585 308
654 698
17 743
720 863
213 712
533 452
285 880
443 568
481 745
187 227
285 581
419 123
986 69
384 385
929 314
974 70
120 866
609 980
843 138
850 329
134 408
289 383
303 419
517 84
312 137
70 704
179 949
19 842
579 165
479 403
825 508
726 805
785 945
83 335
16 629
389 285
20 150
570 30
115 324
813 87
143 779
728 883
725 322
839 747
502 304
164 671
476 327
273 890
577 262
243 708
994 594
744 632
663 366
42 666
105 130
909 855
739 248
922 637
737 816
473 114
785 239
919 989
880 613
875 544
252 809
755 470
455 598
317 852
518 118
248 359
215 624
224 509
146 306
474 499
613 883
475 947
937 750
363 394
290 169
330 591
413 894
493 86
938 868
338 162
521 808
432 938
447 88
746 9
860 594
829 221
520 473
575 304
50 809
330 938
881 340
235 661
99 295
163 80
242 389
197 854
792 115
556 982
991 240
186 302
875 203
28 15
672 748
557 603
893 74
767 240
253 775
422 354
786 352
741 937
791 380
495 290
272 584
824 51
706 615
818 362
377 581
329 846
449 401
828 239
479 343
470 595
949 84
436 892
829 87
467 529
819 621
205 962
366 92
59 381
743 72
5 878
76 472
226 687
278 526
221 54
1 109
193 43
287 302
389 629
510 116
89 856
170 329
773 646
27 536
960 833
63 122
947 318
5 139
17 173
579 635
744 590
633 580
882 937
918 920
389 271
479 780
461 478
477 649
538 235
420 856
979 498
168 483
974 278
803 525
160 344
934 382
962 256
193 920
192 196
819 463
595 581
412 298
947 57
292 889
745 837
336 64
899 76
354 856
382 873
217 157
891 542
799 504
424 853
401 344
160 616
550 220
518 755
812 962
203 818
655 456
872 948
377 343
200 771
997 83
593 582
476 566
70 484
690 627
324 846
815 91
312 484
591 365
679 182
352 756
564 882
830 8
703 437
560 559
643 903
837 557
476 236
72 666
645 898
745 762
854 969
805 912
277 518
52 397
505 956
838 405
765 69
506 20
580 468
724 67
976 575
163 913
579 804
703 235
998 225
546 800
712 204
74 352
101 341
297 126
883 606
675 487
859 648
469 534
953 791
366 193
106 929
86 529
117 38
615 789
589 115
671 161
865 653
994 97
223 966
572 643
482 459
107 600
134 341
133 576
121 87
368 499
381 580
618 454
595 498
965 585
746 536
189 988
85 612
578 535
530 660
119 503
103 12
354 579
155 237
676 487
338 629
209 396
851 71
921 179
764 798
335 238
578 510
474 876
412 663
676 405
260 942
955 795
374 363
952 661
500 882
511 980
376 190
262 72
251 227
378 535
774 15
877 713
589 704
368 704
461 353
296 44
191 721
84 603
616 918
800 388
368 116
306 663
735 744
324 920
808 338
353 54
767 934
638 582
286 356
710 358
402 747
820 358
313 946
864 256
644 929
397 16
679 364
461 55
976 766
104 137
191 136
70 809
743 958
666 708
67 30
129 728
438 821
767 950
558 751
32 983
999 203
919 429
485 30
148 380
869 813
949 252
413 60
370 19
79 157
539 389
117 146
968 20
322 908
659 87
423 881
436 44
473 774
805 355
88 310
123 953
558 957
370 72
443 323
480 92
481 523
669 371
392 951
859 989
429 714
947 870
914 204
978 383
739 740
50 135
441 827
136 174
598 999
322 858
951 42
917 155
878 432
735 938
280 270
337 946
817 61
265 284
668 83
823 243
379 759
938 874
48 820
171 74
933 998
40 845
352 236
668 309
248 231
853 756
702 528
941 190
475 871
955 206
801 495
606 778
652 180
352 544
970 52
51 875
73 255
491 443
105 425
656 512
268 353
233 510
52 322
194 174
732 879
374 149
927 533
714 332
876 932
336 418
646 199
454 387
183 719
144 298
810 288
993 153
15 430
752 578
752 419
299 946
447 484
17 25
358 727
659 83
854 234
433 347
87 500
571 240
538 270
910 715
220 700
130 255
833 587
7 234
533 937
421 306
331 980
59 790
226 41
628 70
418 432
284 413
653 505
127 855
922 543
243 389
644 143
730 725
312 477
414 89
395 845
177 187
329 79
120 237
659 907
339 748
162 77
934 623
830 167
711 413
802 753
896 306
32 446
275 978
68 344
541 689
228 815
894 718
307 558
465 367
467 967
396 157
132 981
149 683
96 963
716 212
518 899
345 964
942 550
246 973
662 362
178 787
506 891
801 424
791 165
484 618
775 611
592 233
916 908
871 93
305 12
911 939
903 824
726 609
582 845
560 973
760 596
839 738
514 618
136 992
